1.981768
1.918736
1.856379
1.793763
1.731405
1.670624
1.612541
1.558229
1.508009
1.462659
1.422535
1.387720
1.357606
1.332067
1.310706
1.293073
1.278238
1.265936
1.255780
1.247470
1.240265
1.234121
1.228870
1.224433
1.220257
1.216457
1.213005
1.209929
1.206770
1.203714
1.200805
1.198094
1.195167
1.192240
1.189396
1.186669
1.183674
1.180637
1.177673
1.174776
1.171588
1.168339
1.165177
1.162038
1.158595
1.155081
1.151677
1.148251
1.144514
1.140695
1.137020
1.133272
1.129207
1.125052
1.121080
1.116977
1.112554
1.108034
1.103744
1.099258
1.094450
1.089539
1.084911
1.080017
1.074803
1.069481
1.064505
1.059184
1.053551
1.047808
1.042482
1.036729
1.030676
1.024516
1.018852
1.012676
1.006220
0.999664
0.993690
0.987121
0.980300
0.973391
0.967155
0.960246
0.953118
0.945922
0.939491
0.932316
0.924962
0.917565
0.911021
0.903673
0.896191
0.888691
0.882127
0.874710
0.867203
0.859706
0.853213
0.845832
0.838402
0.831007
0.824671
0.817421
0.810159
0.802953
0.796843
0.789803
0.782781
0.775830
0.769999
0.763228
0.756498
0.749850
0.744328
0.737865
0.731458
0.725139
0.719943
0.713807
0.707738
0.701759
0.696890
0.691085
0.685355
0.679712
0.675161
0.669682
0.664280
0.658967
0.654714
0.649543
0.644453
0.639464
0.635474
0.630600
0.625803
0.621115
0.617367
0.612769
0.608244
0.603835
0.600307
0.595965
0.591689
0.587536
0.584209
0.580100
0.576053
0.572134
0.568988
0.565094
0.561256
0.557550
0.554568
0.550869
0.547222
0.543712
0.540878
0.537357
0.533884
0.530553
0.527852
0.524494
0.521181
0.518013
0.515432
0.512224
0.509057
0.506040
0.503568
0.500498
0.497465
0.494586
0.492214
0.489269
0.486361
0.483609
0.481328
0.478501
0.475707
0.473073
0.470874
0.468156
0.465469
0.462944
0.460822
0.458204
0.455616
0.453193
0.451142
0.448619
0.446123
0.443794
0.441809
0.439374
0.436965
0.434724
0.432801
0.430449
0.428121
0.425963
0.424098
0.421823
0.419572
0.417492
0.415681
0.413480
0.411301
0.409295
0.407534
0.405403
0.403293
0.401356
0.399644
0.397578
0.395533
0.393661
0.391996
0.389993
0.388010
0.386200
0.384578
0.382635
0.380710
0.378959
0.377379
0.375493
0.373625
0.371930
0.370390
0.368558
0.366743
0.365101
0.363600
0.361820
0.360057
0.358466
0.357001
0.355272
0.353558
0.352015
0.350586
0.348904
0.347237
0.345741
0.344346
0.342710
0.341089
0.339637
0.338275
0.336684
0.335106
0.333697
0.332367
0.330818
0.329282
0.327913
0.326614
0.325106
0.323611
0.322282
0.321012
0.319544
0.318087
0.316796
0.315556
0.314125
0.312706
0.311451
0.310239
0.308845
0.307462
0.306241
0.305057
0.303698
0.302351
0.301164
0.300005
0.298681
0.297368
0.296213
0.295080
0.293789
0.292509
0.291384
0.290277
0.289018
0.287769
0.286675
0.285592
0.284364
0.283146
0.282080
0.281021
0.279823
0.278635
0.277597
0.276561
0.275392
0.274232
0.273221
0.272207
0.271067
0.269935
0.268950
0.267958
0.266845
0.265740
0.264780
0.263809
0.262723
0.261644
0.260708
0.259758
0.258697
0.257644
0.256731
0.255802
0.254765
0.253737
0.252847
0.251937
0.250925
0.249920
0.249052
0.248161
0.247173
0.246191
0.245344
0.244472
0.243506
0.242547
0.241721
0.240867
0.239923
0.238986
0.238179
0.237343
0.236420
0.235505
0.234717
0.233898
0.232997
0.232102
0.231332
0.230530
0.229649
0.228774
0.228023
0.227237
0.226376
0.225520
0.224786
0.224017
0.223174
0.222337
0.221621
0.220867
0.220043
0.219224
0.218524
0.217785
0.216979
0.216179
0.215494
0.214771
0.213982
0.213199
0.212530
0.211821
0.211049
0.210283
0.209629
0.208934
0.208179
0.207429
0.206790
0.206108
0.205369
0.204635
0.204010
0.203342
0.202619
0.201901
0.201289
0.200634
0.199926
0.199223
0.198625
0.197983
0.197290
0.196601
0.196016
0.195387
0.194708
0.194034
0.193461
0.192844
0.192179
0.191519
0.190958
0.190353
0.189702
0.189055
0.188506
0.187913
0.187275
0.186641
0.186104
0.185522
0.184897
0.184276
0.183750
0.183179
0.182567
0.181959
0.181444
0.180883
0.180283
0.179687
0.179183
0.178633
0.178045
0.177461
0.176967
0.176427
0.175851
0.175278
0.174794
0.174265
0.173700
0.173139
0.172664
0.172145
0.171591
0.171040
0.170575
0.170065
0.169522
0.168983
0.168527
0.168026
0.167494
0.166965
0.166518
0.166027
0.165504
0.164985
0.164547
0.164065
0.163552
0.163043
0.162614
0.162140
0.161638
0.161138
0.160717
0.160252
0.159759
0.159269
0.158856
0.158399
0.157915
0.157434
0.157029
0.156580
0.156105
0.155633
0.155236
0.154795
0.154329
0.153866
0.153476
0.153043
0.152586
0.152131
0.151749
0.151323
0.150874
0.150428
0.150053
0.149634
0.149194
0.148756
0.148387
0.147976
0.147544
0.147113
0.146751
0.146348
0.145923
0.145500
0.145145
0.144748
0.144331
0.143916
0.143567
0.143178
0.142768
0.142360
0.142018
0.141634
0.141232
0.140831
0.140495
0.140118
0.139723
0.139329
0.138999
0.138628
0.138240
0.137853
0.137529
0.137165
0.136783
0.136403
0.136084
0.135726
0.135351
0.134978
0.134664
0.134312
0.133943
0.133576
0.133269
0.132922
0.132560
0.132199
0.131897
0.131556
0.131200
0.130845
0.130548
0.130213
0.129863
0.129514
0.129222
0.128892
0.128548
0.128205
0.127918
0.127593
0.127255
0.126918
0.126635
0.126316
0.125983
0.125652
0.125374
0.125060
0.124732
0.124407
0.124134
0.123824
0.123502
0.123182
0.122913
0.122609
0.122292
0.121977
0.121713
0.121413
0.121101
0.120791
0.120531
0.120237
0.119930
0.119625
0.119369
0.119079
0.118777
0.118477
0.118225
0.117940
0.117643
0.117347
0.117100
0.116818
0.116526
0.116235
0.115992
0.115715
0.115427
0.115141
0.114901
0.114629
0.114346
0.114064
0.113828
0.113559
0.113281
0.113003
0.112771
0.112506
0.112232
0.111959
0.111730
0.111470
0.111200
0.110931
0.110706
0.110449
0.110183
0.109918
0.109697
0.109444
0.109182
0.108921
0.108703
0.108454
0.108196
0.107939
0.107724
0.107479
0.107225
0.106972
0.106760
0.106519
0.106268
0.106019
0.105811
0.105572
0.105326
0.105081
0.104875
0.104640
0.104398
0.104156
0.103953
0.103722
0.103483
0.103245
0.103045
0.102817
0.102581
0.102347
0.102150
0.101925
0.101693
0.101462
0.101268
0.101047
0.100818
0.100590
0.100399
0.100181
0.099955
0.099730
0.099542
0.099327
0.099105
0.098883
0.098698
0.098485
0.098266
0.098048
0.097865
0.097656
0.097440
0.097225
0.097045
0.096838
0.096625
0.096413
0.096236
0.096032
0.095822
0.095613
0.095438
0.095237
0.095030
0.094824
0.094651
0.094453
0.094249
0.094045
0.093875
0.093680
0.093478
0.093278
0.093110
0.092917
0.092719
0.092521
0.092355
0.092165
0.091969
0.091774
0.091611
0.091423
0.091230
0.091038
0.090877
0.090691
0.090501
0.090311
0.090152
0.089970
0.089782
0.089594
0.089438
0.089257
0.089072
0.088887
0.088733
0.088555
0.088372
0.088189
0.088037
0.087861
0.087681
0.087501
0.087350
0.087177
0.086999
0.086821
0.086673
0.086502
0.086326
0.086151
0.086004
0.085835
0.085662
0.085489
0.085344
0.085177
0.085006
0.084836
0.084693
0.084528
0.084359
0.084191
0.084050
0.083887
0.083721
0.083554
0.083415
0.083255
0.083090
0.082926
0.082789
0.082630
0.082468
0.082306
0.082170
0.082013
0.081853
0.081693
0.081559
0.081404
0.081246
0.081088
0.080956
0.080803
0.080647
0.080491
0.080360
0.080209
0.080055
0.079901
0.079772
0.079623
0.079471
0.079319
0.079191
0.079044
0.078893
0.078743
0.078617
0.078472
0.078323
0.078175
0.078051
0.077907
0.077760
0.077614
0.077491
0.077349
0.077204
0.077059
0.076938
0.076798
0.076654
0.076511
0.076392
0.076253
0.076112
0.075970
0.075852
0.075715
0.075575
0.075436
0.075319
0.075183
0.075045
0.074907
0.074792
0.074658
0.074522
0.074385
0.074271
0.074139
0.074004
0.073870
0.073757
0.073626
0.073493
0.073360
0.073248
0.073119
0.072987
0.072856
0.072746
0.072618
0.072488
0.072358
0.072249
0.072123
0.071994
0.071866
0.071758
0.071634
0.071506
0.071380
0.071273
0.071150
0.071024
0.070899
0.070793
0.070672
0.070547
0.070423
0.070319
0.070199
0.070076
0.069953
0.069851
0.069732
0.069610
0.069489
0.069387
0.069269
0.069149
0.069030
0.068929
0.068813
0.068694
0.068575
0.068476
0.068361
0.068243
0.068126
0.068028
0.067914
0.067798
0.067682
0.067585
0.067472
0.067357
0.067243
0.067147
0.067035
0.066922
0.066809
0.066713
0.066603
0.066491
0.066379
0.066285
0.066176
0.066065
0.065954
0.065861
0.065753
0.065643
0.065534
0.065442
0.065335
0.065227
0.065118
0.065027
0.064922
0.064814
0.064707
0.064617
0.064513
0.064406
0.064300
0.064211
0.064108
0.064003
0.063898
0.063810
0.063708
0.063603
0.063500
0.063412
0.063311
0.063208
0.063106
0.063019
0.062919
0.062818
0.062716
0.062631
0.062532
0.062431
0.062330
0.062246
0.062148
0.062048
0.061949
0.061865
0.061768
0.061669
0.061571
0.061488
0.061392
0.061295
0.061197
0.061115
0.061020
0.060924
0.060828
0.060746
0.060652
0.060557
0.060461
0.060381
0.060288
0.060193
0.060099
0.060020
0.059928
0.059834
0.059741
0.059662
0.059571
0.059478
0.059386
0.059308
0.059217
0.059126
0.059034
0.058957
0.058868
0.058777
0.058686
0.058610
0.058522
0.058432
0.058342
0.058266
0.058179
0.058090
0.058001
0.057926
0.057840
0.057751
0.057663
0.057589
0.057504
0.057416
0.057329
0.057256
0.057171
0.057085
0.056998
0.056926
0.056842
0.056756
0.056671
0.056599
0.056515
0.056431
0.056346
0.056275
0.056193
0.056109
0.056025
0.055954
0.055873
0.055790
0.055707
0.055637
0.055556
0.055474
0.055392
0.055323
0.055242
0.055161
0.055080
0.055011
0.054932
0.054851
0.054771
0.054703
0.054624
0.054544
0.054465
0.054397
0.054319
0.054240
0.054161
0.054095
0.054018
0.053939
0.053861
0.053795
0.053719
0.053641
0.053563
0.053498
0.053422
0.053345
0.053269
0.053204
0.053129
0.053053
0.052977
0.052913
0.052838
0.052763
0.052688
0.052624
0.052550
0.052476
0.052401
0.052338
0.052265
0.052191
0.052117
0.052055
0.051982
0.051909
0.051836
0.051774
0.051702
0.051630
0.051557
0.051496
0.051425
0.051353
0.051281
0.051220
0.051150
0.051079
0.051007
0.050947
0.050877
0.050807
0.050736
0.050676
0.050607
0.050537
0.050467
0.050408
0.050340
0.050270
0.050201
0.050142
0.050075
0.050006
0.049937
0.049879
0.049812
0.049744
0.049676
0.049618
0.049551
0.049484
0.049416
0.049359
0.049293
0.049226
0.049159
0.049103
0.049037
0.048971
0.048905
0.048849
0.048784
0.048718
0.048652
0.048597
0.048532
0.048467
0.048402
0.048347
0.048283
0.048218
0.048154
0.048099
0.048036
0.047972
0.047908
0.047854
0.047791
0.047728
0.047664
0.047611
0.047548
0.047485
0.047423
0.047369
0.047308
0.047245
0.047183
0.047130
0.047069
0.047007
0.046945
0.046893
0.046833
0.046771
0.046710
0.046658
0.046598
0.046537
0.046476
0.046425
0.046365
0.046305
0.046245
0.046194
0.046135
0.046075
0.046015
0.045965
0.045906
0.045847
0.045788
0.045737
0.045679
0.045621
0.045562
0.045512
0.045455
0.045396
0.045338
0.045289
0.045232
0.045174
0.045116
0.045067
0.045010
0.044953
0.044896
0.044847
0.044791
0.044734
0.044677
0.044629
0.044574
0.044517
0.044461
0.044413
0.044358
0.044302
0.044246
0.044199
0.044144
0.044088
0.044033
0.043986
0.043932
0.043877
0.043822
0.043775
0.043721
0.043667
0.043612
0.043566
0.043512
0.043458
0.043404
0.043358
0.043305
0.043251
0.043198
0.043152
0.043100
0.043046
0.042993
0.042948
0.042896
0.042843
0.042790
0.042745
0.042694
0.042641
0.042589
0.042544
0.042493
0.042441
0.042389
0.042345
0.042294
0.042243
0.042191
0.042147
0.042097
0.042046
0.041994
0.041951
0.041901
0.041850
0.041799
0.041756
0.041706
0.041656
0.041606
0.041563
0.041514
0.041464
0.041414
0.041371
0.041322
0.041273
0.041223
0.041181
0.041132
0.041083
0.041034
0.040992
0.040944
0.040895
0.040847
0.040805
0.040757
0.040709
0.040660
0.040619
0.040572
0.040524
0.040476
0.040435
0.040388
0.040340
0.040292
0.040252
0.040205
0.040158
0.040110
0.040070
0.040024
0.039977
0.039930
0.039890
0.039844
0.039797
0.039751
0.039711
0.039665
0.039619
0.039573
0.039533
0.039488
0.039442
0.039396
0.039357
0.039312
0.039266
0.039221
0.039182
0.039137
0.039092
0.039047
0.039008
0.038964
0.038919
0.038874
0.038836
0.038792
0.038748
0.038703
0.038665
0.038621
0.038577
0.038533
0.038495
0.038452
0.038408
0.038364
0.038327
0.038284
0.038240
0.038197
0.038159
0.038117
0.038073
0.038030
0.037993
0.037951
0.037908
0.037865
0.037828
0.037786
0.037744
0.037701
0.037665
0.037623
0.037581
0.037538
0.037502
0.037461
0.037419
0.037377
0.037341
0.037300
0.037258
0.037216
0.037181
0.037140
0.037098
0.037057
0.037022
0.036981
0.036940
0.036899
0.036864
0.036823
0.036782
0.036742
0.036707
0.036667
0.036626
0.036586
0.036551
0.036511
0.036471
0.036431
0.036397
0.036357
0.036317
0.036277
0.036243
0.036204
0.036164
0.036125
0.036091
0.036052
0.036012
0.035973
0.035939
0.035901
0.035862
0.035822
0.035789
0.035751
0.035712
0.035673
0.035640
0.035602
0.035563
0.035525
0.035491
0.035454
0.035415
0.035377
0.035344
0.035307
0.035269
0.035231
0.035198
0.035161
0.035123
0.035085
0.035053
0.035016
0.034978
0.034941
0.034909
0.034872
0.034835
0.034797
0.034765
0.034729
0.034692
0.034655
0.034623
0.034587
0.034550
0.034514
0.034482
0.034446
0.034409
0.034373
0.034342
0.034306
0.034270
0.034233
0.034202
0.034167
0.034131
0.034095
0.034064
0.034028
0.033993
0.033957
0.033926
0.033891
0.033856
0.033820
0.033790
0.033755
0.033720
0.033684
0.033654
0.033619
0.033584
0.033549
0.033519
0.033485
0.033450
0.033415
0.033385
0.033351
0.033317
0.033282
0.033252
0.033218
0.033184
0.033150
0.033120
0.033086
0.033052
0.033018
0.032989
0.032955
0.032921
0.032888
0.032858
0.032825
0.032791
0.032758
0.032729
0.032696
0.032662
0.032629
0.032600
0.032567
0.032534
0.032501
0.032472
0.032439
0.032406
0.032373
0.032345
0.032313
0.032280
0.032247
0.032219
0.032187
0.032154
0.032121
0.032093
0.032061
0.032029
0.031997
0.031969
0.031937
0.031905
0.031872
0.031845
0.031813
0.031781
0.031749
0.031722
0.031690
0.031658
0.031627
0.031599
0.031568
0.031537
0.031505
0.031478
0.031447
0.031415
0.031384
0.031357
0.031326
0.031295
0.031264
0.031237
0.031206
0.031175
0.031144
0.031118
0.031087
0.031057
0.031026
0.030999
0.030969
0.030938
0.030908
0.030881
0.030851
0.030821
0.030791
0.030764
0.030735
0.030704
0.030674
0.030648
0.030618
0.030588
0.030558
0.030532
0.030503
0.030473
0.030443
0.030417
0.030388
0.030359
0.030329
0.030303
0.030274
0.030245
0.030215
0.030190
0.030161
0.030132
0.030102
0.030077
0.030048
0.030019
0.029990
0.029965
0.029936
0.029907
0.029878
0.029853
0.029825
0.029796
0.029768
0.029743
0.029714
0.029686
0.029657
0.029633
0.029604
0.029576
0.029548
0.029523
0.029495
0.029467
0.029439
0.029414
0.029387
0.029359
0.029330
0.029306
0.029279
0.029251
0.029223
0.029199
0.029171
0.029144
0.029116
0.029092
0.029065
0.029037
0.029009
0.028986
0.028959
0.028931
0.028904
0.028880
0.028853
0.028826
0.028799
0.028775
0.028748
0.028721
0.028694
0.028671
0.028644
0.028617
0.028590
0.028567
0.028540
0.028514
0.028487
0.028464
0.028437
0.028411
0.028384
0.028361
0.028335
0.028309
0.028282
0.028259
0.028233
0.028207
0.028181
0.028158
0.028132
0.028106
0.028080
0.028057
0.028031
0.028005
0.027979
0.027957
0.027931
0.027906
0.027880
0.027857
0.027832
0.027806
0.027781
0.027758
0.027733
0.027707
0.027682
0.027660
0.027635
0.027609
0.027584
0.027562
0.027537
0.027512
0.027486
0.027464
0.027440
0.027415
0.027389
0.027368
0.027343
0.027318
0.027293
0.027271
0.027247
0.027222
0.027197
0.027176
0.027151
0.027127
0.027102
0.027080
0.027056
0.027032
0.027007
0.026986
0.026962
0.026937
0.026913
0.026892
0.026868
0.026843
0.026819
0.026798
0.026774
0.026750
0.026726
0.026705
0.026681
0.026657
0.026633
0.026612
0.026589
0.026565
0.026541
0.026520
0.026497
0.026473
0.026449
0.026429
0.026405
0.026382
0.026358
0.026338
0.026315
0.026291
0.026268
0.026247
0.026224
0.026201
0.026177
0.026157
0.026135
0.026114
0.026093
0.026075
0.026055
0.026034
0.026013
0.025995
0.025975
0.025954
0.025934
0.025916
0.025896
0.025875
0.025855
0.025837
0.025817
0.025797
0.025777
0.025759
0.025739
0.025719
0.025699
0.025681
0.025661
0.025641
0.025621
0.025604
0.025584
0.025564
0.025544
0.025527
0.025508
0.025488
0.025468
0.025451
0.025431
0.025412
0.025392
0.025375
0.025356
0.025336
0.025316
0.025300
0.025280
0.025261
0.025241
0.025225
0.025206
0.025186
0.025167
0.025150
0.025131
0.025112
0.025093
0.025076
0.025057
0.025038
0.025019
0.025002
0.024984
0.024965
0.024945
0.024929
0.024910
0.024891
0.024873
0.024856
0.024838
0.024819
0.024800
0.024784
0.024765
0.024747
0.024728
0.024712
0.024693
0.024675
0.024656
0.024640
0.024622
0.024603
0.024585
0.024569
0.024551
0.024532
0.024514
0.024498
0.024480
0.024462
0.024443
0.024428
0.024410
0.024391
0.024373
0.024357
0.024340
0.024321
0.024303
0.024288
0.024270
0.024252
0.024234
0.024218
0.024201
0.024183
0.024165
0.024149
0.024132
0.024114
0.024096
0.024081
0.024063
0.024046
0.024028
0.024013
0.023995
0.023978
0.023960
0.023945
0.023927
0.023910
0.023892
0.023877
0.023860
0.023842
0.023825
0.023810
0.023793
0.023775
0.023758
0.023743
0.023726
0.023709
0.023691
0.023677
0.023660
0.023642
0.023625
0.023610
0.023594
0.023576
0.023559
0.023545
0.023528
0.023511
0.023494
0.023479
0.023462
0.023445
0.023429
0.023414
0.023397
0.023380
0.023364
0.023349
0.023333
0.023316
0.023299
0.023285
0.023268
0.023251
0.023235
0.023220
0.023204
0.023187
0.023171
0.023157
0.023140
0.023124
0.023107
0.023093
0.023077
0.023060
0.023044
0.023030
0.023014
0.022997
0.022981
0.022967
0.022951
0.022935
0.022918
0.022904
0.022888
0.022872
0.022856
0.022842
0.022826
0.022810
0.022794
0.022780
0.022764
0.022748
0.022732
0.022718
0.022703
0.022687
0.022671
0.022657
0.022641
0.022626
0.022610
0.022596
0.022580
0.022565
0.022549
0.022535
0.022520
0.022504
0.022488
0.022475
0.022459
0.022444
0.022428
0.022415
0.022399
0.022384
0.022368
0.022355
0.022339
0.022324
0.022308
0.022295
0.022280
0.022264
0.022249
0.022236
0.022221
0.022205
0.022190
0.022177
0.022162
0.022146
0.022131
0.022118
0.022103
0.022088
0.022073
0.022059
0.022045
0.022029
0.022014
0.022001
0.021987
0.021971
0.021956
0.021943
0.021929
0.021914
0.021899
0.021886
0.021871
0.021856
0.021841
0.021828
0.021814
0.021799
0.021784
0.021771
0.021757
0.021742
0.021727
0.021715
0.021700
0.021685
0.021671
0.021658
0.021644
0.021629
0.021614
0.021602
0.021587
0.021573
0.021558
0.021546
0.021531
0.021517
0.021502
0.021490
0.021476
0.021461
0.021447
0.021434
0.021420
0.021406
0.021392
0.021379
0.021365
0.021351
0.021337
0.021324
0.021310
0.021296
0.021282
0.021270
0.021256
0.021241
0.021227
0.021215
0.021201
0.021187
0.021173
0.021161
0.021147
0.021133
0.021119
0.021107
0.021093
0.021079
0.021065
0.021053
0.021040
0.021026
0.021012
0.021000
0.020986
0.020972
0.020958
0.020947
0.020933
0.020919
0.020905
0.020894
0.020880
0.020866
0.020853
0.020841
0.020827
0.020814
0.020800
0.020788
0.020775
0.020761
0.020748
0.020736
0.020723
0.020709
0.020696
0.020684
0.020671
0.020657
0.020644
0.020632
0.020619
0.020606
0.020592
0.020581
0.020568
0.020554
0.020541
0.020529
0.020516
0.020503
0.020490
0.020478
0.020465
0.020452
0.020439
0.020428
0.020415
0.020401
0.020388
0.020377
0.020364
0.020351
0.020338
0.020327
0.020314
0.020301
0.020288
0.020276
0.020264
0.020251
0.020238
0.020226
0.020214
0.020201
0.020188
0.020177
0.020164
0.020151
0.020138
0.020127
0.020115
0.020102
0.020089
0.020078
0.020065
0.020053
0.020040
0.020029
0.020016
0.020004
0.019991
0.019980
0.019968
0.019955
0.019942
0.019931
0.019919
0.019907
0.019894
0.019883
0.019871
0.019858
0.019846
0.019835
0.019823
0.019810
0.019798
0.019787
0.019775
0.019762
0.019750
0.019739
0.019727
0.019715
0.019702
0.019692
0.019679
0.019667
0.019655
0.019644
0.019632
0.019620
0.019608
0.019597
0.019585
0.019573
0.019561
0.019550
0.019538
0.019526
0.019514
0.019503
0.019492
0.019479
0.019467
0.019457
0.019445
0.019433
0.019421
0.019411
0.019399
0.019387
0.019375
0.019364
0.019353
0.019341
0.019329
0.019319
0.019307
0.019295
0.019283
0.019273
0.019261
0.019249
0.019238
0.019227
0.019216
0.019204
0.019192
0.019182
0.019170
0.019159
0.019147
0.019137
0.019125
0.019114
0.019102
0.019092
0.019080
0.019069
0.019057
0.019047
0.019036
0.019024
0.019013
0.019003
0.018991
0.018980
0.018968
0.018958
0.018947
0.018935
0.018924
0.018914
0.018903
0.018891
0.018880
0.018870
0.018859
0.018847
0.018836
0.018826
0.018815
0.018804
0.018792
0.018783
0.018772
0.018760
0.018749
0.018739
0.018728
0.018717
0.018706
0.018696
0.018685
0.018674
0.018663
0.018653
0.018642
0.018631
0.018620
0.018610
0.018599
0.018588
0.018577
0.018567
0.018556
0.018545
0.018534
0.018525
0.018514
0.018503
0.018492
0.018482
0.018472
0.018461
0.018450
0.018440
0.018430
0.018419
0.018408
0.018398
0.018388
0.018377
0.018366
0.018356
0.018346
0.018335
0.018324
0.018315
0.018304
0.018293
0.018283
0.018273
0.018263
0.018252
0.018241
0.018232
0.018222
0.018211
0.018200
0.018191
0.018180
0.018170
0.018159
0.018150
0.018140
0.018129
0.018118
0.018109
0.018099
0.018088
0.018078
0.018069
0.018058
0.018048
0.018037
0.018028
0.018018
0.018007
0.017997
0.017988
0.017978
0.017967
0.017957
0.017948
0.017937
0.017927
0.017917
0.017908
0.017898
0.017887
0.017877
0.017868
0.017858
0.017848
0.017837
0.017828
0.017818
0.017808
0.017798
0.017789
0.017779
0.017769
0.017758
0.017750
0.017740
0.017729
0.017719
0.017710
0.017700
0.017690
0.017680
0.017671
0.017661
0.017651
0.017641
0.017633
0.017623
0.017613
0.017603
0.017594
0.017584
0.017574
0.017564
0.017555
0.017546
0.017536
0.017526
0.017517
0.017507
0.017497
0.017487
0.017479
0.017469
0.017459
0.017449
0.017441
0.017431
0.017421
0.017411
0.017403
0.017393
0.017383
0.017374
0.017365
0.017355
0.017346
0.017336
0.017327
0.017318
0.017308
0.017298
0.017290
0.017280
0.017271
0.017261
0.017253
0.017243
0.017234
0.017224
0.017216
0.017206
0.017197
0.017187
0.017179
0.017169
0.017160
0.017150
0.017142
0.017132
0.017123
0.017113
0.017105
0.017096
0.017086
0.017077
0.017068
0.017059
0.017050
0.017040
0.017032
0.017023
0.017013
0.017004
0.016996
0.016986
0.016977
0.016968
0.016960
0.016950
0.016941
0.016932
0.016924
0.016914
0.016905
0.016896
0.016888
0.016879
0.016869
0.016860
0.016852
0.016843
0.016834
0.016824
0.016816
0.016807
0.016798
0.016789
0.016781
0.016772
0.016763
0.016754
0.016746
0.016737
0.016728
0.016719
0.016711
0.016702
0.016693
0.016683
0.016676
0.016667
0.016658
0.016649
0.016641
0.016632
0.016623
0.016614
0.016606
0.016597
0.016588
0.016579
0.016571
0.016562
0.016554
0.016545
0.016537
0.016528
0.016519
0.016510
0.016502
0.016494
0.016485
0.016476
0.016468
0.016460
0.016451
0.016442
0.016434
0.016425
0.016417
0.016408
0.016400
0.016392
0.016383
0.016374
0.016366
0.016358
0.016349
0.016340
0.016333
0.016324
0.016315
0.016307
0.016299
0.016291
0.016282
0.016273
0.016266
0.016257
0.016249
0.016240
0.016232
0.016224
0.016215
0.016207
0.016199
0.016191
0.016182
0.016174
0.016166
0.016158
0.016149
0.016141
0.016133
0.016125
0.016116
0.016108
0.016100
0.016092
0.016084
0.016075
0.016068
0.016059
0.016051
0.016042
0.016035
0.016027
0.016018
0.016010
0.016003
0.015994
0.015986
0.015978
0.015970
0.015962
0.015954
0.015945
0.015938
0.015930
0.015922
0.015913
0.015906
0.015898
0.015890
0.015881
0.015874
0.015866
0.015858
0.015849
0.015842
0.015834
0.015826
0.015818
0.015811
0.015803
0.015794
0.015786
0.015779
0.015771
0.015763
0.015755
0.015747
0.015739
0.015731
0.015723
0.015716
0.015708
0.015700
0.015692
0.015685
0.015677
0.015669
0.015661
0.015654
0.015646
0.015638
0.015630
0.015623
0.015615
0.015607
0.015599
0.015592
0.015584
0.015576
0.015568
0.015561
0.015553
0.015545
0.015537
0.015530
0.015523
0.015515
0.015507
0.015500
0.015492
0.015484
0.015476
0.015469
0.015462
0.015454
0.015446
0.015439
0.015431
0.015423
0.015416
0.015409
0.015401
0.015393
0.015385
0.015379
0.015371
0.015363
0.015355
0.015349
0.015341
0.015333
0.015326
0.015319
0.015311
0.015303
0.015296
0.015289
0.015281
0.015274
0.015266
0.015259
0.015252
0.015244
0.015236
0.015230
0.015222
0.015215
0.015207
0.015200
0.015193
0.015185
0.015178
0.015171
0.015163
0.015156
0.015148
0.015142
0.015134
0.015127
0.015119
0.015113
0.015105
0.015098
0.015090
0.015083
0.015076
0.015069
0.015061
0.015055
0.015047
0.015040
0.015032
0.015026
0.015018
0.015011
0.015003
0.014997
0.014990
0.014982
0.014975
0.014968
0.014961
0.014954
0.014946
0.014940
0.014933
0.014925
0.014918
0.014911
0.014904
0.014897
0.014890
0.014883
0.014876
0.014869
0.014861
0.014855
0.014848
0.014840
0.014833
0.014827
0.014820
0.014812
0.014805
0.014799
0.014792
0.014784
0.014777
0.014771
0.014764
0.014757
0.014749
0.014743
0.014736
0.014729
0.014722
0.014715
0.014708
0.014701
0.014694
0.014688
0.014681
0.014674
0.014666
0.014660
0.014653
0.014646
0.014639
0.014633
0.014626
0.014619
0.014612
0.014605
0.014598
0.014591
0.014584
0.014578
0.014571
0.014564
0.014557
0.014551
0.014544
0.014537
0.014530
0.014524
0.014517
0.014510
0.014503
0.014497
0.014490
0.014483
0.014476
0.014470
0.014463
0.014456
0.014449
0.014443
0.014437
0.014430
0.014423
0.014417
0.014410
0.014403
0.014396
0.014390
0.014383
0.014377
0.014370
0.014364
0.014357
0.014350
0.014343
0.014337
0.014331
0.014324
0.014317
0.014311
0.014304
0.014297
0.014291
0.014285
0.014278
0.014271
0.014265
0.014259
0.014252
0.014245
0.014239
0.014233
0.014226
0.014219
0.014213
0.014207
0.014200
0.014193
0.014187
0.014181
0.014174
0.014168
0.014161
0.014155
0.014149
0.014142
0.014135
0.014129
0.014123
0.014116
0.014110
0.014104
0.014097
0.014091
0.014084
0.014078
0.014072
0.014065
0.014059
0.014053
0.014046
0.014040
0.014033
0.014028
0.014021
0.014015
0.014008
0.014002
0.013996
0.013989
0.013983
0.013977
0.013971
0.013964
0.013958
0.013952
0.013946
0.013939
0.013933
0.013927
0.013921
0.013914
0.013908
0.013902
0.013896
0.013889
0.013883
0.013877
0.013871
0.013865
0.013858
0.013853
0.013846
0.013840
0.013834
0.013828
0.013822
0.013815
0.013809
0.013803
0.013797
0.013791
0.013785
0.013779
0.013773
0.013766
0.013760
0.013755
0.013748
0.013742
0.013736
0.013730
0.013724
0.013718
0.013712
0.013706
0.013700
0.013694
0.013687
0.013682
0.013676
0.013670
0.013663
0.013658
0.013652
0.013646
0.013639
0.013634
0.013628
0.013622
0.013615
0.013610
0.013604
0.013598
0.013592
0.013586
0.013580
0.013574
0.013568
0.013562
0.013556
0.013550
0.013544
0.013539
0.013533
0.013527
0.013520
0.013515
0.013509
0.013503
0.013497
0.013492
0.013486
0.013480
0.013473
0.013468
0.013462
0.013456
0.013450
0.013445
0.013439
0.013433
0.013427
0.013422
0.013416
0.013410
0.013404
0.013398
0.013392
0.013386
0.013380
0.013375
0.013369
0.013363
0.013357
0.013352
0.013346
0.013340
0.013334
0.013329
0.013323
0.013317
0.013311
0.013306
0.013300
0.013295
0.013289
0.013283
0.013278
0.013272
0.013266
0.013261
0.013255
0.013249
0.013243
0.013238
0.013232
0.013226
0.013221
0.013215
0.013210
0.013204
0.013198
0.013193
0.013187
0.013181
0.013176
0.013170
0.013165
0.013159
0.013153
0.013148
0.013142
0.013137
0.013131
0.013126
0.013120
0.013114
0.013109
0.013103
0.013098
0.013092
0.013086
0.013081
0.013076
0.013070
0.013064
0.013059
0.013054
0.013048
0.013042
0.013037
0.013032
0.013026
0.013020
0.013015
0.013010
0.013004
0.012998
0.012993
0.012988
0.012982
0.012976
0.012972
0.012966
0.012960
0.012955
0.012950
0.012944
0.012939
0.012933
0.012928
0.012923
0.012917
0.012911
0.012906
0.012901
0.012895
0.012890
0.012885
0.012880
0.012874
0.012868
0.012864
0.012858
0.012853
0.012847
0.012842
0.012837
0.012831
0.012826
0.012821
0.012815
0.012810
0.012804
0.012800
0.012794
0.012789
0.012783
0.012778
0.012773
0.012767
0.012762
0.012757
0.012752
0.012746
0.012741
0.012736
0.012731
0.012725
0.012720
0.012715
0.012710
0.012704
0.012699
0.012694
0.012689
0.012684
0.012678
0.012673
0.012668
0.012663
0.012657
0.012653
0.012647
0.012642
0.012637
0.012632
0.012627
0.012621
0.012616
0.012611
0.012606
0.012601
0.012595
0.012591
0.012585
0.012580
0.012575
0.012570
0.012565
0.012560
0.012554
0.012550
0.012544
0.012539
0.012534
0.012529
0.012524
0.012519
0.012513
0.012509
0.012504
0.012498
0.012493
0.012489
0.012483
0.012478
0.012473
0.012468
0.012463
0.012458
0.012453
0.012448
0.012443
0.012438
0.012433
0.012428
0.012423
0.012418
0.012413
0.012408
0.012403
0.012398
0.012393
0.012388
0.012383
0.012378
0.012373
0.012368
0.012363
0.012358
0.012353
0.012348
0.012343
0.012338
0.012333
0.012329
0.012324
0.012318
0.012313
0.012309
0.012304
0.012299
0.012294
0.012289
0.012284
0.012279
0.012274
0.012270
0.012265
0.012260
0.012255
0.012250
0.012245
0.012240
0.012235
0.012231
0.012226
0.012221
0.012216
0.012211
0.012206
0.012201
0.012196
0.012192
0.012187
0.012182
0.012177
0.012173
0.012168
0.012163
0.012158
0.012153
0.012148
0.012143
0.012139
0.012134
0.012129
0.012124
0.012119
0.012115
0.012110
0.012105
0.012100
0.012096
0.012091
0.012086
0.012081
0.012077
0.012072
0.012067
0.012062
0.012058
0.012053
0.012048
0.012043
0.012039
0.012034
0.012029
0.012025
0.012020
0.012016
0.012011
0.012006
0.012001
0.011997
0.011992
0.011987
0.011983
0.011978
0.011973
0.011968
0.011964
0.011959
0.011955
0.011950
0.011946
0.011941
0.011936
0.011931
0.011927
0.011922
0.011917
0.011913
0.011908
0.011904
0.011899
0.011894
0.011890
0.011885
0.011881
0.011876
0.011872
0.011867
0.011862
0.011858
0.011853
0.011849
0.011844
0.011839
0.011835
0.011830
0.011826
0.011821
0.011817
0.011812
0.011808
0.011803
0.011799
0.011794
0.011789
0.011785
0.011781
0.011776
0.011771
0.011767
0.011763
0.011758
0.011753
0.011749
0.011745
0.011740
0.011735
0.011731
0.011727
0.011722
0.011717
0.011713
0.011709
0.011704
0.011700
0.011695
0.011691
0.011686
0.011682
0.011677
0.011673
0.011669
0.011664
0.011659
0.011655
0.011651
0.011646
0.011642
0.011638
0.011633
0.011629
0.011624
0.011620
0.011616
0.011611
0.011606
0.011602
0.011598
0.011593
0.011589
0.011585
0.011580
0.011576
0.011571
0.011567
0.011563
0.011558
0.011554
0.011550
0.011546
0.011541
0.011537
0.011533
0.011528
0.011524
0.011519
0.011515
0.011511
0.011506
0.011502
0.011498
0.011494
0.011489
0.011485
0.011481
0.011476
0.011472
0.011468
0.011464
0.011459
0.011455
0.011450
0.011446
0.011442
0.011438
0.011433
0.011429
0.011425
0.011421
0.011416
0.011412
0.011408
0.011404
0.011399
0.011395
0.011391
0.011387
0.011382
0.011379
0.011374
0.011370
0.011365
0.011362
0.011357
0.011353
0.011349
0.011345
0.011341
0.011336
0.011332
0.011328
0.011324
0.011319
0.011315
0.011311
0.011307
0.011303
0.011298
0.011295
0.011290
0.011286
0.011282
0.011278
0.011274
0.011269
0.011265
0.011261
0.011257
0.011253
0.011249
0.011245
0.011241
0.011236
0.011232
0.011228
0.011224
0.011220
0.011216
0.011212
0.011208
0.011204
0.011199
0.011196
0.011191
0.011187
0.011183
0.011179
0.011175
0.011171
0.011167
0.011163
0.011159
0.011155
0.011150
0.011147
0.011143
0.011138
0.011134
0.011130
0.011126
0.011122
0.011118
0.011114
0.011110
0.011106
0.011102
0.011098
0.011094
0.011090
0.011086
0.011082
0.011078
0.011074
0.011070
0.011066
0.011062
0.011058
0.011054
0.011050
0.011046
0.011042
0.011038
0.011034
0.011030
0.011026
0.011022
0.011018
0.011014
0.011010
0.011006
0.011002
0.010998
0.010994
0.010990
0.010987
0.010983
0.010979
0.010974
0.010971
0.010967
0.010963
0.010959
0.010955
0.010951
0.010947
0.010943
0.010940
0.010936
0.010932
0.010927
0.010924
0.010920
0.010916
0.010912
0.010908
0.010904
0.010900
0.010896
0.010893
0.010889
0.010885
0.010881
0.010877
0.010873
0.010869
0.010865
0.010862
0.010858
0.010854
0.010850
0.010846
0.010843
0.010839
0.010835
0.010831
0.010827
0.010823
0.010819
0.010816
0.010812
0.010808
0.010804
0.010800
0.010797
0.010793
0.010789
0.010785
0.010781
0.010777
0.010774
0.010770
0.010766
0.010762
0.010758
0.010755
0.010751
0.010747
0.010743
0.010740
0.010736
0.010732
0.010728
0.010725
0.010721
0.010717
0.010713
0.010710
0.010706
0.010702
0.010698
0.010695
0.010691
0.010687
0.010683
0.010680
0.010676
0.010672
0.010668
0.010665
0.010661
0.010657
0.010653
0.010650
0.010646
0.010642
0.010639
0.010635
0.010631
0.010628
0.010624
0.010620
0.010617
0.010613
0.010609
0.010606
0.010602
0.010598
0.010594
0.010591
0.010587
0.010584
0.010580
0.010576
0.010573
0.010569
0.010565
0.010562
0.010558
0.010554
0.010551
0.010547
0.010543
0.010540
0.010536
0.010533
0.010529
0.010525
0.010521
0.010518
0.010514
0.010511
0.010507
0.010504
0.010500
0.010496
0.010493
0.010489
0.010486
0.010482
0.010478
0.010475
0.010471
0.010468
0.010464
0.010461
0.010457
0.010453
0.010450
0.010446
0.010443
0.010439
0.010435
0.010432
0.010428
0.010425
0.010421
0.010418
0.010414
0.010411
0.010407
0.010404
0.010400
0.010396
0.010393
0.010389
0.010386
0.010382
0.010379
0.010375
0.010372
0.010368
0.010364
0.010361
0.010358
0.010354
0.010350
0.010347
0.010344
0.010340
0.010336
0.010333
0.010330
0.010326
0.010322
0.010319
0.010316
0.010312
0.010309
0.010305
0.010302
0.010298
0.010295
0.010291
0.010288
0.010284
0.010281
0.010278
0.010274
0.010271
0.010267
0.010264
0.010260
0.010257
0.010253
0.010250
0.010247
0.010243
0.010239
0.010236
0.010233
0.010229
0.010226
0.010223
0.010219
0.010216
0.010212
0.010209
0.010205
0.010202
0.010198
0.010195
0.010192
0.010188
0.010185
0.010182
0.010178
0.010175
0.010171
0.010168
0.010165
0.010161
0.010158
0.010155
0.010151
0.010148
0.010144
0.010141
0.010138
0.010134
0.010131
0.010128
0.010124
0.010121
0.010117
0.010114
0.010111
0.010107
0.010104
0.010101
0.010098
0.010094
0.010091
0.010088
0.010084
0.010081
0.010077
0.010074
0.010071
0.010068
0.010064
0.010061
0.010058
0.010054
0.010051
0.010048
0.010044
0.010041
0.010038
0.010035
0.010031
0.010028
0.010024
0.010021
0.010018
0.010015
0.010011
0.010008
0.010005
0.010002
0.009998
0.009995
0.009992
0.009989
0.009985
0.009982
0.009979
0.009975
0.009972
0.009969
0.009966
0.009962
0.009959
0.009956
0.009953
0.009949
0.009946
0.009943
0.009940
0.009937
0.009933
0.009930
0.009927
0.009924
0.009920
0.009917
0.009914
0.009911
0.009907
0.009904
0.009901
0.009898
0.009895
0.009892
0.009888
0.009885
0.009882
0.009879
0.009876
0.009872
0.009869
0.009866
0.009863
0.009860
0.009856
0.009853
0.009850
0.009847
0.009844
0.009841
0.009837
0.009834
0.009831
0.009828
0.009825
0.009822
0.009818
0.009815
0.009812
0.009809
0.009806
0.009803
0.009800
0.009796
0.009793
0.009790
0.009787
0.009784
0.009781
0.009778
0.009774
0.009771
0.009768
0.009765
0.009762
0.009759
0.009756
0.009753
0.009750
0.009746
0.009743
0.009740
0.009737
0.009734
0.009731
0.009728
0.009725
0.009721
0.009718
0.009715
0.009712
0.009709
0.009706
0.009703
0.009700
0.009697
0.009694
0.009691
0.009688
0.009685
0.009681
0.009679
0.009675
0.009672
0.009669
0.009666
0.009663
0.009660
0.009657
0.009654
0.009651
0.009648
0.009645
0.009642
0.009639
0.009636
0.009632
0.009630
0.009627
0.009623
0.009620
0.009618
0.009615
0.009611
0.009608
0.009605
0.009602
0.009599
0.009596
0.009593
0.009590
0.009587
0.009584
0.009581
0.009578
0.009575
0.009572
0.009569
0.009566
0.009563
0.009560
0.009557
0.009554
0.009551
0.009548
0.009545
0.009542
0.009539
0.009536
0.009534
0.009531
0.009527
0.009524
0.009522
0.009519
0.009516
0.009513
0.009510
0.009507
0.009504
0.009501
0.009498
0.009495
0.009492
0.009489
0.009486
0.009483
0.009480
0.009477
0.009474
0.009471
0.009468
0.009465
0.009463
0.009460
0.009457
0.009454
0.009451
0.009448
0.009445
0.009442
0.009439
0.009436
0.009433
0.009430
0.009428
0.009425
0.009422
0.009419
0.009416
0.009413
0.009410
0.009407
0.009404
0.009401
0.009398
0.009395
0.009393
0.009390
0.009387
0.009384
0.009381
0.009378
0.009375
0.009372
0.009370
0.009367
0.009364
0.009361
0.009358
0.009355
0.009352
0.009350
0.009347
0.009344
0.009341
0.009338
0.009335
0.009333
0.009330
0.009327
0.009324
0.009321
0.009318
0.009315
0.009313
0.009310
0.009307
0.009304
0.009301
0.009298
0.009296
0.009293
0.009290
0.009287
0.009284
0.009281
0.009279
0.009276
0.009273
0.009270
0.009267
0.009265
0.009262
0.009259
0.009256
0.009253
0.009251
0.009248
0.009245
0.009242
0.009239
0.009236
0.009234
0.009231
0.009228
0.009225
0.009223
0.009220
0.009217
0.009214
0.009212
0.009209
0.009206
0.009203
0.009201
0.009198
0.009195
0.009192
0.009189
0.009187
0.009184
0.009181
0.009178
0.009176
0.009173
0.009170
0.009167
0.009165
0.009162
0.009159
0.009156
0.009154
0.009151
0.009148
0.009145
0.009143
0.009140
0.009137
0.009135
0.009132
0.009129
0.009126
0.009124
0.009121
0.009118
0.009115
0.009113
0.009110
0.009107
0.009104
0.009102
0.009099
0.009096
0.009094
0.009091
0.009088
0.009086
0.009083
0.009080
0.009078
0.009075
0.009072
0.009070
0.009067
0.009064
0.009061
0.009059
0.009056
0.009053
0.009050
0.009048
0.009045
0.009043
0.009040
0.009037
0.009035
0.009032
0.009029
0.009027
0.009024
0.009021
0.009018
0.009016
0.009013
0.009011
0.009008
0.009005
0.009003
0.009000
0.008997
0.008995
0.008992
0.008989
0.008987
0.008984
0.008982
0.008979
0.008976
0.008974
0.008971
0.008968
0.008966
0.008963
0.008961
0.008958
0.008955
0.008953
0.008950
0.008947
0.008945
0.008942
0.008940
0.008937
0.008934
0.008932
0.008929
0.008926
0.008924
0.008921
0.008919
0.008916
0.008913
0.008911
0.008908
0.008906
0.008903
0.008901
0.008898
0.008895
0.008893
0.008890
0.008888
0.008885
0.008882
0.008880
0.008877
0.008875
0.008872
0.008870
0.008867
0.008864
0.008862
0.008859
0.008857
0.008854
0.008851
0.008849
0.008846
0.008844
0.008841
0.008839
0.008836
0.008834
0.008831
0.008829
0.008826
0.008823
0.008821
0.008818
0.008816
0.008813
0.008811
0.008808
0.008806
0.008803
0.008800
0.008798
0.008796
0.008793
0.008790
0.008788
0.008785
0.008783
0.008780
0.008778
0.008775
0.008773
0.008770
0.008768
0.008765
0.008763
0.008760
0.008758
0.008755
0.008753
0.008750
0.008748
0.008745
0.008743
0.008740
0.008738
0.008735
0.008733
0.008730
0.008728
0.008725
0.008723
0.008720
0.008718
0.008715
0.008713
0.008710
0.008708
0.008706
0.008703
0.008700
0.008698
0.008696
0.008693
0.008691
0.008688
0.008686
0.008683
0.008681
0.008678
0.008676
0.008673
0.008671
0.008669
0.008666
0.008664
0.008661
0.008659
0.008656
0.008654
0.008651
0.008649
0.008646
0.008644
0.008641
0.008639
0.008637
0.008634
0.008632
0.008629
0.008627
0.008624
0.008622
0.008620
0.008617
0.008615
0.008612
0.008610
0.008608
0.008605
0.008603
0.008600
0.008598
0.008595
0.008593
0.008591
0.008588
0.008586
0.008583
0.008581
0.008579
0.008576
0.008574
0.008571
0.008569
0.008567
0.008564
0.008562
0.008559
0.008557
0.008555
0.008552
0.008550
0.008547
0.008545
0.008543
0.008540
0.008538
0.008535
0.008533
0.008531
0.008528
0.008526
0.008524
0.008521
0.008519
0.008516
0.008514
0.008512
0.008509
0.008507
0.008505
0.008502
0.008500
0.008498
0.008495
0.008493
0.008491
0.008488
0.008486
0.008484
0.008481
0.008479
0.008477
0.008474
0.008472
0.008469
0.008467
0.008465
0.008462
0.008460
0.008458
0.008455
0.008453
0.008451
0.008448
0.008446
0.008444
0.008441
0.008439
0.008437
0.008434
0.008432
0.008430
0.008428
0.008425
0.008423
0.008421
0.008418
0.008416
0.008414
0.008411
0.008409
0.008407
0.008404
0.008402
0.008400
0.008397
0.008395
0.008393
0.008391
0.008388
0.008386
0.008384
0.008381
0.008379
0.008377
0.008375
0.008372
0.008370
0.008368
0.008365
0.008363
0.008361
0.008358
0.008356
0.008354
0.008352
0.008349
0.008347
0.008345
0.008343
0.008340
0.008338
0.008336
0.008333
0.008331
0.008329
0.008327
0.008324
0.008322
0.008320
0.008318
0.008315
0.008313
0.008311
0.008309
0.008306
0.008304
0.008302
0.008300
0.008297
0.008295
0.008293
0.008291
0.008288
0.008286
0.008284
0.008282
0.008279
0.008277
0.008275
0.008273
0.008271
0.008268
0.008266
0.008264
0.008262
0.008259
0.008257
0.008255
0.008253
0.008250
0.008248
0.008246
0.008244
0.008242
0.008240
0.008237
0.008235
0.008233
0.008231
0.008228
0.008226
0.008224
0.008222
0.008220
0.008217
0.008215
0.008213
0.008211
0.008209
0.008206
0.008204
0.008202
0.008200
0.008197
0.008195
0.008193
0.008191
0.008189
0.008187
0.008185
0.008182
0.008180
0.008178
0.008176
0.008174
0.008171
0.008169
0.008167
0.008165
0.008163
0.008161
0.008158
0.008156
0.008154
0.008152
0.008150
0.008147
0.008145
0.008143
0.008141
0.008139
0.008137
0.008135
0.008132
0.008130
0.008128
0.008126
0.008124
0.008122
0.008119
0.008117
0.008115
0.008113
0.008111
0.008109
0.008107
0.008104
0.008102
0.008100
0.008098
0.008096
0.008094
0.008092
0.008090
0.008087
0.008085
0.008083
0.008081
0.008079
0.008077
0.008075
0.008073
0.008070
0.008068
0.008066
0.008064
0.008062
0.008060
0.008058
0.008056
0.008053
0.008051
0.008049
0.008047
0.008045
0.008043
0.008041
0.008039
0.008037
0.008034
0.008032
0.008030
0.008028
0.008026
0.008024
0.008022
0.008020
0.008018
0.008016
0.008014
0.008011
0.008009
0.008007
0.008005
0.008003
0.008001
0.007999
0.007997
0.007995
0.007992
0.007991
0.007988
0.007986
0.007984
0.007982
0.007980
0.007978
0.007976
0.007974
0.007972
0.007970
0.007968
0.007966
0.007964
0.007961
0.007959
0.007957
0.007955
0.007953
0.007951
0.007949
0.007947
0.007945
0.007943
0.007941
0.007939
0.007937
0.007935
0.007933
0.007931
0.007929
0.007926
0.007925
0.007923
0.007920
0.007918
0.007916
0.007914
0.007912
0.007910
0.007908
0.007906
0.007904
0.007902
0.007900
0.007898
0.007896
0.007894
0.007892
0.007890
0.007888
0.007886
0.007884
0.007882
0.007880
0.007878
0.007876
0.007874
0.007872
0.007870
0.007868
0.007866
0.007864
0.007862
0.007860
0.007858
0.007856
0.007854
0.007852
0.007850
0.007848
0.007845
0.007844
0.007842
0.007840
0.007837
0.007836
0.007834
0.007832
0.007829
0.007828
0.007826
0.007824
0.007822
0.007820
0.007818
0.007816
0.007814
0.007812
0.007810
0.007808
0.007806
0.007804
0.007802
0.007800
0.007798
0.007796
0.007794
0.007792
0.007790
0.007788
0.007786
0.007784
0.007782
0.007780
0.007778
0.007776
0.007774
0.007772
0.007770
0.007768
0.007766
0.007764
0.007762
0.007760
0.007758
0.007757
0.007755
0.007753
0.007751
0.007749
0.007747
0.007745
0.007743
0.007741
0.007739
0.007737
0.007735
0.007733
0.007731
0.007729
0.007727
0.007725
0.007723
0.007721
0.007719
0.007718
0.007716
0.007714
0.007712
0.007710
0.007708
0.007706
0.007704
0.007702
0.007700
0.007698
0.007696
0.007694
0.007692
0.007690
0.007688
0.007687
0.007685
0.007683
0.007681
0.007679
0.007677
0.007675
0.007673
0.007671
0.007669
0.007667
0.007665
0.007664
0.007662
0.007660
0.007658
0.007656
0.007654
0.007652
0.007650
0.007648
0.007647
0.007645
0.007643
0.007641
0.007639
0.007637
0.007635
0.007633
0.007631
0.007629
0.007627
0.007626
0.007624
0.007622
0.007620
0.007618
0.007616
0.007614
0.007612
0.007611
0.007609
0.007607
0.007605
0.007603
0.007601
0.007599
0.007597
0.007596
0.007594
0.007592
0.007590
0.007588
0.007586
0.007584
0.007582
0.007581
0.007579
0.007577
0.007575
0.007573
0.007571
0.007569
0.007567
0.007566
0.007564
0.007562
0.007560
0.007558
0.007556
0.007555
0.007553
0.007551
0.007549
0.007547
0.007545
0.007543
0.007542
0.007540
0.007538
0.007536
0.007534
0.007532
0.007530
0.007529
0.007527
0.007525
0.007523
0.007521
0.007520
0.007518
0.007516
0.007514
0.007512
0.007510
0.007508
0.007507
0.007505
0.007503
0.007501
0.007499
0.007498
0.007496
0.007494
0.007492
0.007490
0.007488
0.007486
0.007485
0.007483
0.007481
0.007479
0.007478
0.007476
0.007474
0.007472
0.007470
0.007468
0.007467
0.007465
0.007463
0.007461
0.007459
0.007457
0.007456
0.007454
0.007452
0.007450
0.007449
0.007447
0.007445
0.007443
0.007441
0.007440
0.007438
0.007436
0.007434
0.007432
0.007431
0.007429
0.007427
0.007425
0.007423
0.007422
0.007420
0.007418
0.007416
0.007414
0.007413
0.007411
0.007409
0.007407
0.007406
0.007404
0.007402
0.007400
0.007398
0.007397
0.007395
0.007393
0.007391
0.007390
0.007388
0.007386
0.007384
0.007383
0.007381
0.007379
0.007377
0.007375
0.007374
0.007372
0.007370
0.007368
0.007367
0.007365
0.007363
0.007361
0.007360
0.007358
0.007356
0.007354
0.007353
0.007351
0.007349
0.007347
0.007346
0.007344
0.007342
0.007340
0.007339
0.007337
0.007335
0.007333
0.007332
0.007330
0.007328
0.007326
0.007325
0.007323
0.007321
0.007319
0.007318
0.007316
0.007314
0.007312
0.007311
0.007309
0.007307
0.007306
0.007304
0.007302
0.007300
0.007299
0.007297
0.007295
0.007293
0.007292
0.007290
0.007288
0.007287
0.007285
0.007283
0.007281
0.007280
0.007278
0.007276
0.007274
0.007273
0.007271
0.007269
0.007268
0.007266
0.007264
0.007262
0.007261
0.007259
0.007257
0.007256
0.007254
0.007252
0.007251
0.007249
0.007247
0.007245
0.007244
0.007242
0.007240
0.007239
0.007237
0.007235
0.007233
0.007232
0.007230
0.007228
0.007227
0.007225
0.007223
0.007222
0.007220
0.007218
0.007217
0.007215
0.007213
0.007212
0.007210
0.007208
0.007206
0.007205
0.007203
0.007201
0.007200
0.007198
0.007196
0.007195
0.007193
0.007191
0.007190
0.007188
0.007186
0.007185
0.007183
0.007181
0.007180
0.007178
0.007176
0.007175
0.007173
0.007171
0.007170
0.007168
0.007166
0.007165
0.007163
0.007161
0.007160
0.007158
0.007156
0.007155
0.007153
0.007151
0.007150
0.007148
0.007146
0.007145
0.007143
0.007141
0.007140
0.007138
0.007137
0.007135
0.007133
0.007132
0.007130
0.007128
0.007127
0.007125
0.007123
0.007122
0.007120
0.007118
0.007117
0.007115
0.007113
0.007112
0.007110
0.007109
0.007107
0.007105
0.007104
0.007102
0.007100
0.007099
0.007097
0.007095
0.007094
0.007092
0.007091
0.007089
0.007087
0.007086
0.007084
0.007082
0.007081
0.007079
0.007078
0.007076
0.007074
0.007073
0.007071
0.007069
0.007068
0.007066
0.007065
0.007063
0.007061
0.007060
0.007058
0.007057
0.007055
0.007053
0.007052
0.007050
0.007048
0.007047
0.007045
0.007044
0.007042
0.007040
0.007039
0.007037
0.007036
0.007034
0.007032
0.007031
0.007029
0.007028
0.007026
0.007024
0.007023
0.007021
0.007020
0.007018
0.007016
0.007015
0.007013
0.007012
0.007010
0.007009
0.007007
0.007005
0.007004
0.007002
0.007001
0.006999
0.006997
0.006996
0.006994
0.006993
0.006991
0.006990
0.006988
0.006986
0.006985
0.006983
0.006982
0.006980
0.006978
0.006977
0.006975
0.006974
0.006972
0.006971
0.006969
0.006967
0.006966
0.006964
0.006963
0.006961
0.006959
0.006958
0.006956
0.006955
0.006953
0.006952
0.006950
0.006949
0.006947
0.006946
0.006944
0.006942
0.006941
0.006939
0.006938
0.006936
0.006934
0.006933
0.006931
0.006930
0.006928
0.006927
0.006925
0.006924
